[2019-12-12 21:03:05.909534] [WP TIME] tb3_0 from x: 1.8
y: 0.0
z: 0.0 to x: -1.8
y: 0.0
z: 0.0 in 34.054[2019-12-12 21:03:18.484914] [WP TIME] tb3_3 from x: 1.8
y: 0.0
z: 0.0 to x: -1.8
y: 0.0
z: 0.0 in 36.066